data_rate =

        1000


SNR_theo =

   25.8400

The index values for encoding from quantization of the sampled signal are: 12  13  14  14  15  15  15  15  15  14  14  13  13  13  13  13  13  13  13  13  14  14  14  15  15  15  15  14  14  13  12  11  10   9   7   6   5   4   3   2   1   0   0   0   0   0   1   1   2   2   3
The converted bits from the input analog signal are: 0  0  1  1  1  0  1  1  0  1  1  1  0  1  1  1  1  1  1  1  1  1  1  1  1  1  1  1  1  1  1  1  1  1  1  1  0  1  1  1  0  1  1  1  1  0  1  1  1  0  1  1  1  0  1  1  1  0  1  1  1  0  1  1  1  0  1  1  1  0  1  1  1  0  1  1  1  0  1  1  0  1  1  1  0  1  1  1  0  1  1  1  1  1  1  1  1  1  1  1  1  1  1  1  1  1  1  1  0  1  1  1  0  1  1  1  1  0  1  1  0  0  1  1  1  1  0  1  0  1  0  1  1  0  0  1  1  1  1  0  0  1  1  0  1  0  1  0  0  0  1  0  1  1  0  0  0  1  0  0  1  0  0  0  0  0  0  0  0  0  0  0  0  0  0  0  0  0  0  0  0  0  0  0  1  0  0  0  1  0  0  0  0  1  0  0  0  1  0  0  1  1  0  0
>> 